x 1 2 3 4 5 6 7 4 8 9 1 10 3 11 7 12 13 14 15 7 16 17 4 8 18 5 11 17 15 1 10 2 16 4 6 3 19 4 20 21 22 23 1 10 24 25 11 7 16 17 8 26 6 3 16 6 19 10 27 28 12 29 7 16 2 11 7 17 30 31 2 19 13 32 13 19 2 33 3 34 12 6 7 4 35 3 5 36 37 11 19 T 0
x 5 15 1 2 3 11 12 8 13 15 7 16 15 1 13 14 38 5 15 16 8 18 1 2 11 16 6 2 11 12 4 21 1 10 6 3 16 4 39 6 16 17 4 6 3 3 6 28 11 7 13 40 29 7 16 41 11 7 17 30 42 2 19 32 1 12 33 8 43 5 17 34 5 19 4 35 17 36 37 11 8 6 T 0
x 5 2 3 19 12 4 13 5 6 2 16 9 1 2 11 5 15 16 4 13 18 5 2 11 12 8 44 15 1 10 2 45 11 12 4 13 21 22 23 1 16 4 39 10 6 11 12 8 26 46 17 6 19 12 13 40 29 11 7 17 42 5 2 47 1 13 12 33 17 34 5 6 19 7 35 3 37 11 19 16 6 0
x 5 15 2 3 11 19 8 5 15 2 10 3 11 7 38 5 15 16 17 8 13 18 17 13 1 48 45 15 10 2 11 12 4 20 22 1 10 24 39 10 6 11 7 16 17 6 10 6 3 27 28 5 11 12 13 40 7 16 41 2 7 17 8 30 31 2 19 47 32 13 19 2 43 17 12 49 10 6 15 19 7 35 3 36 37 12 8 1 T 0
x 1 2 19 7 4 8 5 15 2 19 16 4 8 9 1 11 7 12 5 10 17 4 13 50 18 2 17 12 8 13 44 15 10 16 48 45 10 2 3 8 20 22 23 15 6 4 25 1 10 11 12 4 8 26 6 10 6 10 6 27 28 5 11 19 13 29 7 41 17 8 13 42 5 2 19 13 47 19 2 12 3 8 34 10 4 35 17 5 12 8 51 15 T 0
x 15 3 7 12 13 5 19 7 16 8 9 15 10 2 11 7 13 15 7 17 4 8 2 11 17 8 1 10 2 6 2 3 19 8 13 20 23 15 16 4 25 10 17 4 52 17 6 10 6 27 5 11 19 12 16 11 7 17 8 13 42 19 13 13 8 17 34 12 49 19 4 3 17 5 37 12 16 16 T 0
x 5 15 1 3 11 19 7 8 13 6 19 7 8 1 10 3 11 13 38 10 7 16 17 50 18 2 8 13 44 1 2 4 15 6 3 19 12 13 21 3 16 24 10 6 16 4 46 17 10 3 16 6 3 19 10 28 11 19 7 12 13 1 7 16 2 7 17 8 13 30 2 3 13 47 32 12 19 4 3 17 5 36 12 19 16 T 0
x 15 1 11 7 13 5 19 7 4 8 9 1 3 11 17 12 13 14 38 16 4 8 50 5 2 11 17 8 44 1 10 4 48 15 6 2 11 19 4 21 22 15 1 10 6 3 16 24 25 39 10 7 16 12 8 52 26 46 17 16 3 6 40 29 1 7 41 2 8 13 42 19 13 47 32 13 19 11 12 33 34 49 37 12 8 1 19 6 16 15 0
x 1 11 19 4 8 13 5 19 4 8 9 15 1 2 7 17 5 15 7 16 17 4 13 50 5 1 2 11 12 13 44 15 10 15 10 6 2 3 11 19 12 4 13 21 22 23 10 6 16 4 25 39 1 10 16 17 52 46 6 3 3 19 10 27 28 5 11 7 12 13 1 7 16 41 7 17 8 31 2 47 2 11 12 43 34 49 10 5 6 19 7 4 35 3 17 1 19 51 16 16 0
x 5 2 3 11 19 4 15 2 7 8 9 1 3 11 17 13 38 5 15 10 17 8 2 12 8 13 16 45 15 6 11 12 4 13 20 21 23 15 10 3 16 4 39 6 11 4 8 26 46 6 17 10 3 17 16 3 19 12 29 7 2 7 17 13 3 13 32 1 13 19 11 3 8 43 5 6 15 19 7 35 3 36 37 11 12 1 16 16 0
x 5 15 1 2 3 11 19 12 4 15 19 7 4 9 15 2 3 12 13 38 7 16 4 8 13 18 1 2 11 17 8 13 44 15 1 10 48 15 10 3 11 19 22 10 6 4 24 25 1 10 6 11 16 12 52 26 6 17 10 3 17 16 3 5 19 12 13 29 41 2 7 8 13 30 42 31 5 2 13 1 13 19 33 8 43 5 17 34 49 10 4 19 3 17 5 11 8 0
x 5 1 2 7 4 15 6 7 16 9 15 1 10 7 17 38 5 7 16 8 13 50 2 13 1 16 4 10 6 3 11 4 20 22 15 1 16 24 25 10 6 11 7 16 17 12 26 3 6 19 6 27 28 19 7 12 13 16 2 11 8 13 30 42 5 3 47 32 1 19 2 11 12 3 8 5 34 12 10 4 4 5 12 8 16 0
x 5 3 11 7 12 4 8 5 15 2 19 4 15 10 3 7 12 13 14 38 5 10 16 17 50 5 1 17 15 2 16 4 45 2 11 12 8 13 22 15 6 3 24 25 1 10 6 16 17 12 8 46 6 17 3 6 19 6 11 40 29 16 11 7 8 13 30 42 31 2 19 32 13 19 11 33 8 17 10 6 4 15 4 35 3 17 37 12 19 16 15 0
x 15 1 19 4 13 5 2 5 7 17 4 13 5 17 12 8 10 2 4 48 45 10 2 3 11 19 12 4 8 20 21 23 15 10 4 6 7 17 8 46 6 17 16 19 10 27 7 13 40 1 16 41 2 8 30 42 5 3 13 32 2 11 3 43 5 12 10 35 5 36 37 11 12 8 1 51 6 16 T 0
x 5 15 2 3 19 8 13 15 7 9 1 10 3 7 14 38 5 15 7 17 13 50 17 8 44 1 2 48 6 19 21 22 23 3 16 25 1 6 11 16 17 12 6 3 17 16 6 11 40 29 16 2 11 17 13 30 42 31 2 3 13 47 32 1 13 2 11 33 12 6 15 19 35 3 17 36 37 12 8 16 6 16 T 0
x 2 11 19 8 19 4 9 10 2 17 13 18 1 11 12 8 13 15 1 10 2 45 15 19 12 4 8 20 23 15 4 24 1 10 4 52 6 17 3 3 6 28 19 7 41 2 7 8 13 32 13 2 11 8 49 10 4 35 5 12 1 19 16 15 T 0
x 53 2 11 19 7 12 8 5 15 6 2 16 4 8 15 1 10 2 11 17 12 13 5 8 13 50 18 5 2 11 12 8 1 10 2 48 15 2 3 11 19 12 13 21 6 3 16 4 25 1 10 6 16 12 4 52 26 46 6 17 10 3 17 6 3 27 28 11 19 7 12 13 40 29 16 41 11 7 13 42 31 3 19 13 1 19 2 12 33 3 5 34 49 10 6 4 4 35 8 1 19 6 16 15 T 0
x -54 15 2 11 19 7 12 4 13 5 15 6 2 4 9 15 1 3 11 14 16 13 50 2 17 12 8 13 15 2 48 45 15 10 3 11 19 12 4 8 13 20 22 23 16 4 24 1 7 16 17 8 52 26 46 10 3 17 3 28 19 13 7 41 2 11 8 30 31 5 19 13 47 1 13 19 3 8 5 6 4 15 19 4 35 3 17 36 19 16 15 0
x 55 5 3 11 12 4 19 7 2 7 17 13 14 5 15 10 7 17 4 8 13 50 17 13 44 10 2 45 10 3 19 4 13 20 21 22 23 1 10 24 39 1 16 17 12 4 26 6 17 17 6 10 6 27 28 11 19 12 1 7 2 17 8 5 3 13 47 13 19 2 12 33 3 34 12 6 4 7 35 17 5 36 8 6 T 0
x 56 15 12 15 19 7 8 15 1 2 3 7 17 12 13 14 38 10 7 17 4 8 50 5 12 8 44 1 16 4 45 15 10 3 12 4 13 22 1 10 39 1 11 16 12 4 8 52 26 46 3 16 6 3 19 6 29 7 16 41 2 11 7 8 13 30 2 3 19 2 11 33 8 5 34 49 10 5 4 3 17 36 11 12 1 19 51 16 6 16 15 T 0
x -57 5 15 1 2 3 19 12 4 6 19 7 8 15 1 10 17 12 13 14 7 16 17 4 8 13 18 1 2 11 17 12 44 15 1 10 16 4 45 15 6 3 19 12 22 15 16 24 25 1 10 6 11 16 17 12 4 8 46 6 27 11 13 29 1 41 2 11 17 13 31 2 3 19 13 32 1 19 11 3 17 10 5 6 19 4 3 5 36 12 8 1 51 T 0
x -58 5 15 2 3 19 7 4 8 13 15 16 4 9 15 10 2 3 7 13 15 10 16 17 13 18 11 17 12 8 13 15 10 48 15 10 4 13 21 23 15 10 16 24 25 39 1 10 11 7 12 8 6 3 16 3 19 6 28 5 11 19 7 1 7 16 41 2 11 7 17 8 13 30 5 19 13 47 32 13 2 11 12 33 3 8 43 49 10 6 15 19 4 5 36 12 19 51 15 T 0
x 59 5 1 2 3 19 12 4 8 13 7 16 8 1 3 11 7 12 14 5 15 10 16 13 50 18 5 1 2 11 17 8 44 15 1 4 15 2 11 19 4 8 15 10 16 1 10 6 11 7 17 52 46 6 17 10 6 3 19 6 5 19 7 12 13 40 29 1 16 17 8 30 42 2 13 32 1 11 33 3 8 43 5 12 49 5 6 15 19 5 36 1 51 16 6 16 15 T 0
x -60 19 12 13 15 6 2 4 15 2 3 11 7 17 14 15 10 13 1 12 8 13 44 15 16 4 15 10 2 3 19 4 23 15 1 10 6 16 4 24 39 1 6 11 17 4 6 3 17 6 3 10 27 19 13 40 41 7 13 42 31 1 13 11 33 3 8 43 5 17 4 15 19 7 37 12 1 51 6 0
x 61 15 2 3 4 5 6 7 8 9 1 2 7 38 7 16 17 13 18 5 1 11 12 8 13 44 15 10 16 4 10 2 3 11 19 12 4 13 20 15 6 3 25 1 6 7 16 17 12 4 8 52 6 17 3 17 16 6 10 27 28 11 19 7 12 40 29 1 7 2 7 17 8 30 31 2 19 47 32 13 2 11 12 33 43 5 12 49 10 5 4 15 4 35 17 5 37 12 8 19 6 0
x 5 1 2 19 4 6 2 7 4 9 11 7 13 38 10 7 16 4 8 50 18 2 44 15 1 2 16 48 45 10 11 19 4 8 20 10 6 3 25 10 11 16 17 8 26 17 10 3 16 6 3 6 28 5 19 7 12 13 7 16 41 2 17 8 13 47 1 13 19 2 12 33 3 5 49 10 6 4 15 7 4 35 5 36 37 12 8 1 16 16 0
x 15 2 11 7 4 8 13 6 2 19 7 16 8 9 15 1 2 11 7 5 4 18 5 1 2 17 12 8 13 44 1 10 45 10 2 3 11 4 20 23 1 6 4 39 10 6 7 4 52 46 17 10 3 17 16 6 19 10 6 11 40 1 7 11 8 13 30 19 13 47 32 1 19 2 12 8 34 49 5 6 4 19 4 17 37 12 1 19 51 16 16 0
x 5 1 11 19 7 4 8 6 2 19 7 4 9 15 10 11 12 13 15 10 8 18 5 1 11 44 10 2 16 4 48 45 10 19 8 13 20 21 23 1 10 6 16 4 6 11 7 17 4 8 26 46 6 10 3 3 10 6 5 12 29 16 2 11 8 30 42 5 2 19 47 13 19 2 33 8 43 5 17 34 49 10 5 6 4 19 4 17 5 11 12 51 16 15 T 0
x 5 2 4 13 6 2 15 2 3 11 7 17 12 14 15 7 17 8 5 2 17 12 8 13 2 16 4 10 19 4 13 20 21 22 15 1 3 4 10 11 16 17 12 4 8 52 26 17 10 3 6 19 10 6 27 11 19 12 40 7 16 17 13 30 42 31 3 13 32 1 13 2 33 3 8 43 5 17 34 5 6 4 15 19 35 5 36 37 12 8 1 19 51 16 6 0
x 1 3 11 4 8 5 19 16 4 8 15 10 3 7 12 13 14 5 15 10 16 4 8 13 50 8 44 1 16 4 45 10 6 2 3 11 19 12 4 20 21 23 6 4 24 25 39 10 6 11 16 8 52 46 6 17 3 16 6 3 10 6 11 40 41 2 7 13 3 13 32 1 13 19 8 5 17 34 12 5 4 35 3 5 36 37 11 8 1 51 6 15 T 0
x 5 1 3 11 7 12 4 8 13 5 15 2 7 16 4 15 2 3 11 7 17 12 13 14 5 15 10 7 4 8 2 12 8 16 4 2 3 19 12 20 21 22 23 15 1 10 16 39 1 6 11 7 16 17 12 4 8 52 26 46 10 16 6 19 6 27 28 19 7 12 13 40 29 1 7 16 41 11 7 8 31 2 3 13 19 12 33 5 6 4 19 4 19 51 16 15 0
x 1 11 19 4 8 13 5 6 7 15 1 10 2 3 7 13 14 38 15 16 17 4 13 50 18 5 11 12 13 10 4 45 15 6 12 4 21 22 1 10 6 3 16 4 24 25 6 11 7 16 8 52 26 46 17 3 19 6 27 28 19 7 12 40 29 7 41 11 31 2 19 13 32 1 13 19 2 33 43 49 10 6 7 4 17 5 11 8 19 6 T 0
x 5 15 1 8 13 5 6 19 16 8 9 15 1 10 3 14 15 13 50 18 11 17 8 15 10 2 48 15 19 12 8 20 22 23 1 3 16 4 10 11 7 16 17 4 26 46 6 19 10 6 27 11 7 12 13 40 7 41 2 11 7 8 13 42 31 3 13 19 11 12 33 3 17 12 10 4 5 36 11 12 8 1 16 16 T 0
x 5 15 1 2 11 19 12 4 15 2 19 4 8 9 15 10 2 7 17 13 14 38 15 7 8 18 17 12 8 13 1 10 16 48 15 2 3 19 12 4 8 13 20 21 23 1 3 24 1 10 11 7 16 17 12 8 52 46 6 17 16 6 6 11 19 13 40 16 7 17 13 30 42 31 47 1 11 12 33 3 8 43 5 12 49 6 15 7 17 11 1 19 6 16 T 0
x 2 3 19 7 12 8 13 5 6 19 16 4 1 10 2 3 7 13 15 17 13 18 5 12 8 13 44 15 10 48 45 10 6 3 12 22 23 6 3 16 4 25 39 1 10 6 11 16 17 12 4 8 52 46 17 10 3 17 6 3 6 27 28 11 7 13 1 16 2 11 7 17 30 5 2 47 13 11 12 17 12 5 15 4 3 17 5 12 8 1 6 16 T 0
x 15 2 3 7 8 13 5 15 6 7 16 8 1 2 11 7 12 13 38 10 7 8 18 5 17 13 4 45 15 6 3 11 19 4 8 13 20 21 22 10 16 4 24 25 39 6 11 7 16 17 4 52 26 46 3 19 27 19 7 12 40 1 7 16 11 17 8 47 32 2 11 12 33 3 8 34 12 49 6 4 15 19 17 12 1 19 51 15 T 0
x 15 3 11 19 7 4 15 6 2 19 7 16 1 10 2 7 17 12 5 7 4 13 5 17 12 10 16 4 48 45 15 10 6 2 11 19 12 8 21 22 23 15 1 6 16 4 24 25 39 10 16 4 8 52 26 46 6 3 16 6 19 6 28 11 19 13 7 11 7 8 30 31 5 2 19 32 1 13 2 3 5 17 34 12 49 7 35 3 5 36 11 12 6 16 T 0
x 1 2 19 7 8 5 6 2 8 15 2 7 17 12 13 14 38 5 16 17 4 8 50 11 17 15 16 48 45 10 6 3 11 12 20 22 23 1 6 3 16 24 25 39 1 10 6 4 26 6 19 6 28 5 19 40 29 7 41 2 17 8 13 42 31 5 2 3 13 47 13 19 12 33 3 8 17 6 15 19 5 36 37 12 8 1 19 51 6 16 15 0
x 5 2 7 12 13 5 15 6 2 7 15 1 17 12 13 14 15 8 13 5 1 2 12 8 13 15 10 16 4 15 11 19 12 20 23 15 1 3 16 4 24 39 1 6 6 17 19 6 5 19 12 40 1 7 16 2 11 7 13 30 5 2 47 32 11 8 43 5 34 49 10 6 15 19 7 35 17 5 36 37 12 19 51 6 16 15 T 0
x 5 11 12 13 6 2 7 4 1 3 11 7 12 14 38 15 10 17 4 8 13 17 12 13 44 15 1 10 48 10 3 11 12 4 13 21 23 15 1 10 6 3 16 4 24 39 1 10 4 8 6 17 17 16 19 6 27 11 7 40 1 16 41 2 11 7 17 8 5 3 19 13 47 1 19 2 11 12 33 3 43 34 12 10 4 7 4 17 36 12 8 1 51 6 16 T 0
x 1 2 7 13 5 15 6 19 16 4 8 9 15 2 11 12 13 14 38 16 4 18 5 1 11 17 12 13 15 1 10 16 4 48 6 2 11 19 12 4 1 10 6 4 24 25 39 10 11 7 17 12 8 52 26 10 17 6 3 19 7 12 13 40 29 1 41 2 7 17 31 2 19 32 1 19 12 8 17 34 49 10 6 4 19 7 4 17 37 12 16 T 0
x 5 15 1 3 19 4 13 10 2 3 11 14 5 15 7 13 18 5 2 17 8 13 44 1 2 16 4 10 6 2 11 12 4 8 20 21 22 23 10 3 10 6 7 16 4 8 52 26 6 17 10 19 10 6 27 28 19 12 13 16 41 2 11 7 17 8 30 31 2 13 19 2 11 3 34 12 49 10 5 6 15 4 35 17 37 11 12 8 1 16 0
x 2 3 11 5 6 2 7 8 9 15 1 10 11 7 38 7 16 4 8 13 50 18 1 11 17 8 10 2 48 45 15 10 8 13 10 6 16 24 39 1 10 11 7 16 4 26 46 6 17 10 3 17 16 6 3 19 28 5 11 19 7 11 7 17 30 42 2 3 13 1 11 17 49 6 15 7 4 17 12 16 16 0
x 5 15 2 3 11 7 12 4 6 19 9 15 1 10 2 7 14 7 17 13 18 5 11 12 44 1 10 45 10 2 3 19 12 4 20 21 10 16 4 24 25 39 1 10 7 16 12 52 26 10 3 17 6 10 27 19 7 12 40 29 1 7 16 41 11 17 42 3 19 13 47 13 19 11 33 5 17 34 49 10 6 4 7 17 5 37 8 1 19 T 0
x 2 3 19 12 4 5 16 8 10 7 13 38 5 10 17 4 8 50 18 1 11 8 13 44 15 16 4 48 10 2 3 19 13 20 21 1 16 4 24 25 1 10 6 16 17 52 26 6 17 16 6 10 6 28 11 7 12 29 1 7 2 13 42 31 2 3 13 32 1 13 2 12 33 3 43 5 17 12 49 10 19 7 4 17 5 37 12 1 19 0
x 5 15 1 2 11 15 2 7 16 9 15 1 10 3 7 17 12 38 15 16 17 4 8 13 50 18 5 1 11 17 12 8 13 44 15 1 10 2 4 48 45 15 3 19 12 4 13 20 21 23 15 1 6 39 10 6 7 16 17 4 8 52 46 17 16 6 19 27 11 19 7 1 7 41 7 13 30 5 2 13 47 32 13 12 8 10 6 15 5 36 8 1 19 16 15 0
x 15 1 2 3 7 12 8 13 6 19 16 8 9 10 2 7 17 12 13 14 38 7 16 17 8 50 18 2 11 17 12 8 1 2 48 15 3 11 19 12 20 1 10 6 39 1 6 16 17 12 26 17 10 3 6 19 5 7 12 29 16 7 13 30 42 3 19 32 1 2 11 12 33 3 8 17 10 5 6 4 15 19 35 17 36 11 12 6 16 15 0
x 1 2 3 11 7 5 19 9 3 11 7 17 14 38 15 7 4 8 1 2 17 8 13 1 10 2 48 10 6 12 8 13 20 22 23 1 10 6 3 16 10 16 17 12 8 52 26 46 6 17 10 3 16 3 19 6 5 19 13 29 1 16 41 2 11 7 17 8 13 3 19 1 13 19 2 11 12 33 3 5 17 34 12 49 4 15 19 11 12 1 19 16 16 15 0
x 3 19 7 8 13 5 15 6 7 16 9 1 3 17 13 38 15 10 4 8 13 50 2 11 12 44 15 1 10 2 16 4 48 45 10 6 2 19 12 4 8 13 20 21 22 23 1 10 16 4 24 1 10 11 16 17 52 26 46 3 17 6 3 10 27 5 13 40 29 16 2 17 8 13 30 42 31 5 32 1 13 19 33 8 5 17 7 4 35 17 5 37 11 8 1 19 16 6 16 T 0
x 5 15 1 3 11 7 12 4 8 6 2 7 8 15 2 3 11 7 17 12 13 38 5 15 16 17 13 5 11 17 12 8 44 15 4 2 4 8 13 20 15 25 1 10 6 16 4 52 46 6 17 3 17 16 6 10 11 19 7 13 1 7 16 41 11 7 13 2 19 13 13 12 33 43 5 17 34 12 10 19 11 12 8 1 19 51 15 0
x 5 15 1 2 11 19 7 4 13 19 4 8 15 1 3 7 17 13 14 10 16 8 50 17 8 15 1 10 3 11 23 1 6 16 24 25 10 6 11 7 17 8 26 6 10 7 1 16 41 17 13 30 42 2 3 13 47 32 1 13 19 2 12 43 5 49 6 19 7 4 35 3 17 11 8 19 16 6 16 15 0
x 15 2 3 12 4 8 2 7 4 10 2 11 7 12 13 38 5 10 7 16 17 4 50 5 2 17 8 2 45 15 10 6 11 12 20 15 10 24 25 39 10 6 11 17 12 8 52 46 10 3 17 16 3 19 27 11 19 7 12 13 29 7 16 11 7 17 42 2 47 2 12 33 3 8 17 34 12 10 5 6 15 4 3 11 12 51 16 15 T 0
x 15 3 11 19 4 13 15 19 7 16 4 1 3 7 13 14 10 7 16 17 4 13 5 12 8 44 1 4 48 10 6 2 3 11 19 4 8 13 21 22 23 15 1 10 6 24 39 6 7 52 3 17 16 6 27 28 5 11 19 7 40 29 1 11 7 17 42 5 2 3 19 13 32 13 19 11 8 43 5 34 12 49 10 6 7 3 5 36 37 12 19 51 15 0
