 26 <=> 1 3 
 27 <=> 2 3 
 28 <=> 3 4 
 29 <=> 1 5 
 30 <=> 2 5 
 31 <=> 4 5 
 32 <=> 1 6 
 33 <=> 2 6 
 34 <=> 4 6 
 35 <=> 3 7 
 36 <=> 5 7 
 37 <=> 2 8 
 38 <=> 3 8 
 39 <=> 6 8 
 40 <=> 2 9 
 41 <=> 3 9 
 42 <=> 5 9 
 43 <=> 7 9 
 44 <=> 2 10 
 45 <=> 7 10 
 46 <=> 9 10 
 47 <=> 4 11 
 48 <=> 6 11 
 49 <=> 9 11 
 50 <=> 10 11 
 51 <=> 1 12 
 52 <=> 3 12 
 53 <=> 4 12 
 54 <=> 5 12 
 55 <=> 8 12 
 56 <=> 9 12 
 57 <=> 10 12 
 58 <=> 11 12 
 59 <=> 1 13 
 60 <=> 2 13 
 61 <=> 3 13 
 62 <=> 7 13 
 63 <=> 8 13 
 64 <=> 10 13 
 65 <=> 11 13 
 66 <=> 3 14 
 67 <=> 4 14 
 68 <=> 5 14 
 69 <=> 10 14 
 70 <=> 11 14 
 71 <=> 12 14 
 72 <=> 3 15 
 73 <=> 7 15 
 74 <=> 8 15 
 75 <=> 11 15 
 76 <=> 13 15 
 77 <=> 1 16 
 78 <=> 2 16 
 79 <=> 3 16 
 80 <=> 6 16 
 81 <=> 7 16 
 82 <=> 10 16 
 83 <=> 11 16 
 84 <=> 12 16 
 85 <=> 13 16 
 86 <=> 4 17 
 87 <=> 5 17 
 88 <=> 6 17 
 89 <=> 8 17 
 90 <=> 9 17 
 91 <=> 10 17 
 92 <=> 13 17 
 93 <=> 14 17 
 94 <=> 15 17 
 95 <=> 7 18 
 96 <=> 8 18 
 97 <=> 11 18 
 98 <=> 12 18 
 99 <=> 16 18 
 100 <=> 1 19 
 101 <=> 2 19 
 102 <=> 4 19 
 103 <=> 5 19 
 104 <=> 6 19 
 105 <=> 12 19 
 106 <=> 13 19 
 107 <=> 15 19 
 108 <=> 18 19 
 109 <=> 4 20 
 110 <=> 5 20 
 111 <=> 9 20 
 112 <=> 10 20 
 113 <=> 12 20 
 114 <=> 15 20 
 115 <=> 18 20 
 116 <=> 19 20 
 117 <=> 1 21 
 118 <=> 5 21 
 119 <=> 6 21 
 120 <=> 10 21 
 121 <=> 11 21 
 122 <=> 15 21 
 123 <=> 16 21 
 124 <=> 18 21 
 125 <=> 19 21 
 126 <=> 2 22 
 127 <=> 3 22 
 128 <=> 4 22 
 129 <=> 5 22 
 130 <=> 11 22 
 131 <=> 12 22 
 132 <=> 13 22 
 133 <=> 15 22 
 134 <=> 17 22 
 135 <=> 18 22 
 136 <=> 5 23 
 137 <=> 7 23 
 138 <=> 9 23 
 139 <=> 10 23 
 140 <=> 11 23 
 141 <=> 19 23 
 142 <=> 20 23 
 143 <=> 3 24 
 144 <=> 6 24 
 145 <=> 8 24 
 146 <=> 12 24 
 147 <=> 15 24 
 148 <=> 17 24 
 149 <=> 19 24 
 150 <=> 22 24 
 151 <=> 1 25 
 152 <=> 2 25 
 153 <=> 5 25 
 154 <=> 6 25 
 155 <=> 8 25 
 156 <=> 10 25 
 157 <=> 12 25 
 158 <=> 13 25 
 159 <=> 16 25 
 160 <=> 17 25 
 161 <=> 18 25 
 162 <=> 19 25 
 163 <=> 20 25 
 164 <=> 21 25 
 165 <=> 24 25 
 166 <=> 1 2 
 167 <=> 1 4 
 168 <=> 3 6 
 169 <=> 4 7 
 170 <=> 1 9 
 171 <=> 8 9 
 172 <=> 3 10 
 173 <=> 4 10 
 174 <=> 5 10 
 175 <=> 3 11 
 176 <=> 5 11 
 177 <=> 7 11 
 178 <=> 8 11 
 179 <=> 4 13 
 180 <=> 6 13 
 181 <=> 12 13 
 182 <=> 6 14 
 183 <=> 9 14 
 184 <=> 2 15 
 185 <=> 5 15 
 186 <=> 6 15 
 187 <=> 10 15 
 188 <=> 4 16 
 189 <=> 5 16 
 190 <=> 8 16 
 191 <=> 14 16 
 192 <=> 15 16 
 193 <=> 2 17 
 194 <=> 3 17 
 195 <=> 12 17 
 196 <=> 16 17 
 197 <=> 1 18 
 198 <=> 2 18 
 199 <=> 9 18 
 200 <=> 10 18 
 201 <=> 14 18 
 202 <=> 15 18 
 203 <=> 7 19 
 204 <=> 8 19 
 205 <=> 10 19 
 206 <=> 14 19 
 207 <=> 16 19 
 208 <=> 2 20 
 209 <=> 3 20 
 210 <=> 6 20 
 211 <=> 8 20 
 212 <=> 3 21 
 213 <=> 4 21 
 214 <=> 8 21 
 215 <=> 9 21 
 216 <=> 12 21 
 217 <=> 14 21 
 218 <=> 17 21 
 219 <=> 20 21 
 220 <=> 1 22 
 221 <=> 6 22 
 222 <=> 8 22 
 223 <=> 10 22 
 224 <=> 21 22 
 225 <=> 1 23 
 226 <=> 4 23 
 227 <=> 6 23 
 228 <=> 8 23 
 229 <=> 12 23 
 230 <=> 17 23 
 231 <=> 18 23 
 232 <=> 22 23 
 233 <=> 1 24 
 234 <=> 2 24 
 235 <=> 5 24 
 236 <=> 7 24 
 237 <=> 9 24 
 238 <=> 11 24 
 239 <=> 18 24 
 240 <=> 21 24 
 241 <=> 7 25 
 242 <=> 9 25 
 243 <=> 14 25 
 244 <=> 15 25 
 245 <=> 22 25 
 246 <=> 2 7 
 247 <=> 6 7 
 248 <=> 4 9 
 249 <=> 6 9 
 250 <=> 8 10 
 251 <=> 2 11 
 252 <=> 2 12 
 253 <=> 7 14 
 254 <=> 1 15 
 255 <=> 12 15 
 256 <=> 14 15 
 257 <=> 9 16 
 258 <=> 1 17 
 259 <=> 3 18 
 260 <=> 4 18 
 261 <=> 5 18 
 262 <=> 6 18 
 263 <=> 13 18 
 264 <=> 17 18 
 265 <=> 3 19 
 266 <=> 11 19 
 267 <=> 14 20 
 268 <=> 16 20 
 269 <=> 7 21 
 270 <=> 7 22 
 271 <=> 9 22 
 272 <=> 16 22 
 273 <=> 20 22 
 274 <=> 2 23 
 275 <=> 13 23 
 276 <=> 15 23 
 277 <=> 16 24 
 278 <=> 20 24 
 279 <=> 23 24 
 280 <=> 3 25 
 281 <=> 4 25 
 282 <=> 23 25 
 283 <=> 3 5 
 284 <=> 5 6 
 285 <=> 1 7 
 286 <=> 1 8 
 287 <=> 7 8 
 288 <=> 1 10 
 289 <=> 6 10 
 290 <=> 1 11 
 291 <=> 6 12 
 292 <=> 7 12 
 293 <=> 2 14 
 294 <=> 8 14 
 295 <=> 13 14 
 296 <=> 9 15 
 297 <=> 7 17 
 298 <=> 9 19 
 299 <=> 7 20 
 300 <=> 13 20 
 301 <=> 17 20 
 302 <=> 14 22 
 303 <=> 14 23 
 304 <=> 16 23 
 305 <=> 10 24 
 306 <=> 14 24 
 307 <=> 4 8 
 308 <=> 5 8 
 309 <=> 1 14 
 310 <=> 11 17 
 311 <=> 1 20 
 312 <=> 2 21 
 313 <=> 19 22 
 314 <=> 3 23 
 315 <=> 21 23 
 316 <=> 13 24 
 317 <=> 11 25 
 318 <=> 17 19 
 319 <=> 13 21 
 320 <=> 9 13 
 321 <=> 4 15 
 322 <=> 4 24 
 323 <=> 5 13 
 324 <=> 2 4 
 325 <=> 11 20 
