32886.45161290323;65640.45161290323;1740.5483870967741
43.16946255628559;81.80339874226279;79.57582657326216
18.89430472413218
---------------
33142.06451612903;65896.03225806452;1727.8064516129032
62.75345279479922;92.32637894848826;22.47783044696479
19.181583958776745
---------------
33626.58064516129;66380.2258064516;1732.7096774193549
119.01904813490404;134.99216457008671;25.105189732580094
19.406933015601144
---------------
34547.16129032258;67296.70967741935;1737.774193548387
239.1163971892908;245.65819337213992;22.526986937419483
19.88012102986765
---------------
36245.8064516129;68948.83870967742;1751.4193548387098
462.93603120802203;453.1645073917698;23.04382107868284
20.695104431428884
---------------
39340.354838709674;71748.3870967742;1772.7096774193549
873.7405146796822;812.5799485199794;22.79529315930204
22.19221530734796;;
---------------
44825.096774193546;75515.93548387097;1811.1935483870968
1632.089386286273;1384.1816479593083;26.088459140243888
24.748926923967442;;
---------------
53869.096774193546;76713.16129032258;1873.1935483870968
2950.6938205942038;1815.6632680697403;84.55668812556335
28.757891473936176;;
---------------
