281928
240
172
52
66
74
54
70
72
68
64
140040
50
46
66
66
68
72
62
68
74
120470
58
56
66
64
68
76
76
76
105842
52
76
68
68
54
68
72
92556
56
72
56
68
72
72
75648
84
52
14596
164
72
62
44552
50
48
54
43194
63730
53270
152
60446
58
31374
54
15798
56
70796
48
46
48
57778
68
78
32554
54
52
74506
54
47312
58
46
48
74716
62
59464
54
15580
54
85212
48
54
46
46
50
60
71082
44
74
74
64
70
59974
14108
30400
56674
68
29604
70
46
72226
52
44634
44
57982
56
46
31620
72
46
85712
50
160
50
50
82
64
74088
50
43792
52
50
46
71508
72
59110
50
44964
118
50
48
84546
50
72
52
50
44
54
73116
68
57888
48
58358
52
52
46
54
88768
54
72016
52
16452
46
105552
56
70
52
50
52
48
52
88164
84
72
68
64
70
82
72760
54
50
62
52
62
57872
54
30750
50
44784
52
29578
72
52
72912
50
44
46
54
54
57962
45080
45324
62
61668
48
54
29470
72
44
84072
64
66
68
84
84
84
72600
70
43732
56
52
66
71912
50
59272
50
43898
114
54
58
86918
54
46
48
54
52
50
71214
54
58060
54
57394
52
52
52
50
88478
52
72410
66
29520
64
48
101364
66
54
50
48
46
48
54
90230
68
64
48
56
50
52
71010
58
44964
50
44
48
71110
52
58470
14432
57194
48
73004
15162
43134
60
50
154
85562
66
65486
170
48
48
60
60
61596
46
50
48
66
86040
70
71184
54
45860
62
50
46
99344
56
48
66
48
46
66
60
86134
50
137238
52
54
54
56
64
57554
54
48
64
64
85694
50
76586
62
48
44
50
52
85434
85490
61962
74
50
46
46
99434
52
64
46
54
50
66
66
85250
54
72702
52
70916
54
50
50
44
48
99380
60
89528
50
52
48
46
46
62
101052
102046
16068
56
112578
52
50
62
82
62
66
62
62
100088
64
48
52
50
48
66
62
85478
62
48
50
54
54
62
74226
54
52
56
48
54
56738
54
32250
66
30848
70
50
71310
66
44996
66
75130
52
48
29804
56
46
85716
50
48
52
46
44
56
72146
56
46
48
50
64
58658
44334
44186
54
44
50
73660
56
60134
54
42942
52
66
48
86078
54
44
52
48
46
62
72352
54
58054
60
58028
52
50
46
48
84832
52
73986
72
30612
56
48
102454
70
50
46
50
50
66
60
86258
52
60
46
70
62
62
72808
50
46558
64
59862
52
76
44822
54
46
52
84926
50
46
46
58582
50
54
54
57474
48
73420
76
66
72
43646
58
52
50
97982
52
56
46
48
56
52
50
94630
62
56
50
52
54
58
77042
52
64164
68
61250
60
54
50
52
91516
50
76710
56
62718
56
56
56
66
105004
72
54
48
62
72
74
72
92192
50
80126
62
78
46
156
72
91328
95850
76970
52
48
58
54
54
105168
58
58
54
54
50
76
76
99244
97670
100708
58
50
64
56
58
56
118320
115542
36252
64
56
140938
66
60
76
66
76
72
74
76
116998
80
130
50
56
78
76
66
102254
60
60
84
76
76
76
82692
62
51038
68
62
58
83444
60
65724
64
49752
64
56
64
97116
56
86680
60
60
72
62
80
67456
68
62
58
56
97126
58
82646
60
64
56
76
78
97850
98850
49552
76
60
56
112776
60
56
56
56
60
64
78
99290
58
50
60
76
60
76
81676
64
68350
64
65698
60
58
48
58
98648
70
84114
64
66302
62
64
54
48
115850
76
54
56
54
58
60
76
99534
76
84242
64
58
58
52
50
100986
68
100306
58
81416
76
50
58
62
54
630370
60
110248
68
70
58
58
54
94
125352
102
124214
66
54702
80
62
66
140812
66
58
64
66
64
76
76
76
124936
62
58
76
80
90
84
76
105832
64
72
58
58
84
76
89004
66
81452
86
78024
68
68
68
60
113192
68
98346
76
58
58
68
64
115538
115082
76560
66
68
58
66
136260
76
74
66
84
86
86
76
113000
74
95154
72
92310
64
58
62
64
62
122106
66
107312
74
62
54
58
58
92
125686
123612
71040
62
60
66
58
144172
62
60
76
58
66
60
56
64
126768
66
60
84
78
80
62
98
105040
68
90124
66
89032
66
58
56
56
56
114562
62
98106
68
56
58
60
56
82
114560
58
116576
66
82756
62
54
56
46
50
134564
76
54
58
56
56
64
66
72
116866
64
98880
60
58
60
56
76
76
114898
56
114862
56
108022
60
60
62
56
56
76
133254
60
58
58
54
64
58
68
74
112522
58
117810
60
118146
60
56
56
54
58
82
66
130892
76
134092
56
19540
84
144672
56
72
62
56
56
58
60
54
60
129862
76
56
58
54
56
54
56
72
128030
70
172
68
52
58
48
62
94202
72
56
52
58
52
48
77304
54
52
50
33360
48
54
62426
46
31820
56
50
76368
56
50358
68
48
76036
56
33656
84
56
90484
52
76
56
66
58
58
80304
56
47768
54
52
76582
76
48082
62
48
50
92232
64
52
50
50
52
66
78196
60
64308
50
62508
54
50
52
54
93228
56
77580
56
31806
68
52
106880
72
46
54
58
50
74
64
95334
56
60
54
68
66
66
75738
52
48176
54
50
62416
60
47300
68
50
68
91454
52
54
50
48
48
68
76522
52
62044
60
56
78922
52
52
58
62
70
80
