7078
268
250
176
692
388
460
380
244
182
368
476
208
366
410
304
282
240
254
228
174
316
292
434
388
612
308
248
194
184
260
174
226
264
226
250
226
172
174
332
266
236
292
198
176
11504
420
346
1448
296
160
190
336
220
192
180
5488
5350
654
230
688
6390
760
2600
482
170
452
482
1278
318
354
166
334
362
7034
522
308
186
474
276
522
232
4548
366
278
342
186
426
1092
340
236
982
218
262
188
362
384
310
292
282
190
174
392
332
310
206
186
172
948
934
1908
536
412
164
256
362
988
250
926
174
290
1112
192
998
4126
566
242
188
392
302
282
286
214
184
170
308
254
242
1358
2356
380
332
354
186
368
216
4376
376
302
4506
336
230
276
170
282
392
246
178
244
232
170
364
3660
334
3576
188
226
366
300
196
494
314
282
904
3966
462
212
504
1046
3172
264
192
268
286
364
264
226
238
200
162
416
354
198
264
340
184
164
344
160
274
220
256
168
242
834
5854
314
1006
168
4834
376
156
162
432
394
818
272
158
160
3492
3344
384
212
1070
174
3708
298
218
164
400
290
192
316
194
184
166
372
298
296
248
4148
376
224
412
168
332
484
4054
348
302
3200
220
162
268
174
318
312
398
348
264
214
158
358
408
3138
298
414
3110
390
206
362
306
164
326
380
286
736
5360
354
304
344
930
2996
264
156
166
392
348
214
190
262
268
186
162
352
166
288
304
214
184
166
346
216
250
2454
2324
388
336
362
162
2208
2472
332
286
384
162
438
242
224
182
224
832
166
202
282
4988
398
312
350
372
164
380
242
2548
268
420
6488
278
216
214
166
372
288
372
300
286
232
304
186
452
232
264
278
232
758
160
5468
306
362
350
402
160
384
246
208
350
238
1940
364
430
272
340
330
170
2838
3776
608
370
454
294
160
496
344
386
366
400
260
232
190
410
300
232
5700
312
428
296
2856
238
232
330
368
188
160
372
406
314
384
258
222
4184
252
296
318
364
352
214
164
4846
4962
232
176
336
400
360
318
424
238
236
222
166
380
246
264
166
224
254
206
166
246
224
286
246
294
184
186
164
228
248
200
312
162
286
6088
304
2786
352
338
168
262
184
1112
252
4078
378
168
1042
182
3888
392
236
184
356
362
280
278
194
190
184
172
178
268
224
232
166
3796
5834
420
278
358
154
260
1010
3884
346
1188
3480
314
214
308
168
304
304
280
300
260
220
204
290
320
270
2914
308
420
372
2826
254
174
374
180
164
422
422
366
876
3556
218
272
376
930
2786
260
228
160
364
368
358
420
366
414
184
174
268
362
274
164
192
352
156
428
172
988
5776
402
304
1114
160
3908
278
234
356
162
296
322
390
924
250
210
170
1424
2318
314
186
352
1010
160
352
182
210
4654
250
232
344
192
374
360
298
372
366
330
370
164
324
358
380
248
272
232
172
284
7130
588
5742
330
192
352
324
194
380
406
246
338
4244
406
300
406
420
4802
250
252
278
248
176
308
310
372
376
402
350
222
168
376
382
252
288
280
3394
388
316
296
364
374
170
4462
4220
192
194
254
288
292
172
372
388
336
432
396
328
346
190
4402
4160
266
360
376
418
302
254
180
4522
3960
284
212
206
474
456
436
328
348
398
410
228
186
426
426
276
380
326
380
314
228
398
252
284
328
230
344
198
202
204
276
282
5664
342
358
356
190
298
338
2928
420
410
5788
404
298
350
184
334
346
338
342
224
1010
178
1032
4268
348
212
372
468
184
436
392
338
274
266
6028
414
304
310
388
364
190
3678
7454
322
270
256
204
674
426
394
442
410
270
334
186
452
366
250
318
234
254
206
266
1024
2228
392
1114
2092
410
210
376
342
190
408
390
402
332
4178
436
334
398
506
3546
296
266
250
208
176
396
360
372
398
400
286
244
186
418
334
220
292
288
5650
438
300
312
398
422
190
464
3286
424
5664
308
202
228
312
216
198
474
396
438
458
412
362
5414
318
340
366
464
304
238
202
490
2228
326
4732
336
282
364
208
456
448
402
456
430
466
404
224
214
470
518
306
358
210
266
366
198
598
210
276
326
304
294
218
312
6584
464
6556
532
332
418
524
218
456
580
468
284
306
7106
476
342
476
436
410
210
4162
7410
350
322
322
304
244
504
428
406
474
408
466
292
258
436
522
248
4236
468
402
450
5406
426
224
394
398
386
228
464
388
366
386
300
282
6452
322
250
362
370
300
240
218
7002
7310
340
268
292
292
194
670
442
394
368
458
452
366
356
202
484
394
262
336
294
318
264
204
480
1314
306
268
2968
460
1282
370
362
5832
304
290
260
306
296
208
404
498
354
328
456
380
5814
306
342
406
230
312
220
186
418
3584
284
4112
326
284
270
266
216
184
432
354
358
402
408
352
380
248
190
456
448
206
250
282
264
6034
262
224
340
330
424
296
192
398
1774
288
1710
448
286
248
262
198
328
200
368
452
400
346
422
398
338
258
178
386
3136
460
2860
300
222
404
364
418
390
356
202
446
4310
304
3686
460
198
370
590
414
200
302
250
288
256
282
198
376
328
250
256
216
282
248
254
184
310
376
324
190
252
316
228
180
266
304
298
190
312
260
176
330
192
902
216
220
176
936
172
3908
396
338
164
374
1014
202
978
2884
400
1248
376
180
348
4512
408
364
170
174
170
206
264
258
224
170
322
888
284
912
4046
460
1182
374
172
144
4318
428
372
386
172
378
172
278
270
250
226
174
174
228
3502
356
352
3040
464
374
364
370
204
184
222
884
228
316
324
1120
200
352
388
212
466
350
270
388
252
300
198
170
170
170
284
308
248
346
194
336
1012
264
190
444
1060
352
198
272
4476
352
284
374
206
308
186
382
328
308
208
170
178
208
3384
310
344
8176
172
194
62
176
176
176
72
