432
366
242
64
70
110
80
88
68
72
106
160
52
70
64
62
68
84
64
54
56
54
54
58
82
66
62
52
50
62
68
62
56
68
52
50
72
60
62
60
46
52
66
64
58
200
48
50
60
48
50
54
2114
1332
94
178
98
154
1382
144
1010
52
138
148
58
154
248
148
244
180
1220
48
50
44
46
134
152
1172
108
94
48
46
152
50
50
1380
52
48
46
1056
48
60
54
62
58
150
50
48
48
50
122
44
48
52
152
104
1158
48
182
98
48
152
1040
50
50
56
48
144
152
1048
46
98
1216
42
48
46
1158
46
48
46
48
52
166
50
44
60
46
158
48
1116
44
50
48
46
150
46
50
1140
52
46
46
966
48
48
48
44
54
158
50
54
46
44
146
54
50
1064
44
48
52
870
52
90
84
48
46
54
54
52
48
1140
48
46
74
58
1058
44
46
148
146
66
62
160
48
50
54
50
48
124
44
52
58
58
152
48
48
50
124
1166
48
124
1296
94
980
46
48
48
46
156
46
48
48
154
52
1090
44
48
838
46
46
94
958
98
48
920
48
44
46
54
52
148
46
46
48
50
174
52
1008
48
66
48
52
144
52
50
1006
52
62
76
840
46
46
44
52
144
152
58
54
46
50
54
54
58
1032
44
84
82
804
58
56
68
50
46
58
52
46
52
1074
50
50
62
62
916
46
48
48
132
148
172
214
52
48
50
142
54
118
46
46
46
48
150
48
1064
54
50
48
48
152
48
66
98
1174
48
62
104
882
42
58
72
172
106
128
52
58
934
974
48
62
46
48
54
150
50
48
94
1106
48
58
1058
50
104
112
76
50
150
46
50
48
1174
48
86
50
96
1034
50
106
52
46
148
76
146
54
54
76
48
52
156
48
48
92
1246
48
50
46
832
102
84
70
940
56
66
78
78
48
144
48
56
50
1044
46
88
74
88
50
124
58
58
46
56
1332
44
138
82
80
110
1014
46
68
88
52
44
58
158
54
54
56
98
48
144
48
54
52
1128
54
52
44
132
932
48
84
82
82
44
48
152
52
60
60
44
1084
48
64
78
72
102
44
152
44
50
46
54
86
1172
46
44
46
82
54
112
1030
46
48
144
52
56
82
52
152
46
54
46
46
62
70
166
50
50
48
48
50
134
48
46
46
46
144
48
46
46
148
1148
48
900
46
46
50
52
156
48
1012
46
48
152
188
126
56
46
1070
46
48
48
46
48
148
46
48
48
50
148
48
46
48
154
52
1120
50
46
990
50
48
48
48
138
46
46
1136
46
48
48
988
46
50
48
46
152
164
50
54
50
46
58
50
52
950
46
98
80
932
54
82
72
48
46
56
64
56
54
1032
48
68
104
88
1066
48
46
48
132
148
134
152
52
50
46
146
60
118
54
44
48
50
150
48
1206
48
62
716
52
48
64
854
46
48
50
48
54
150
52
52
1188
50
64
70
926
52
60
88
734
48
50
68
64
1036
48
66
44
46
68
52
156
48
46
48
44
144
158
52
46
54
58
156
56
46
1344
52
54
48
992
64
62
96
54
54
168
50
56
50
1264
50
52
62
70
1056
54
58
56
52
52
62
164
72
72
60
50
48
152
52
56
60
1236
48
48
54
72
56
168
60
54
70
108
1230
46
52
54
54
90
954
60
84
90
84
46
56
162
52
60
52
62
56
142
62
112
88
76
1318
58
56
56
56
108
1088
46
96
84
64
66
56
180
62
70
60
60
64
1428
56
56
76
96
68
100
1176
56
56
56
170
68
72
58
162
56
54
50
60
72
64
148
58
56
50
54
58
186
60
56
58
54
146
54
1498
56
56
56
50
178
56
60
1278
58
54
68
1140
58
64
56
64
52
180
64
56
278
50
182
206
56
1278
62
66
98
56
54
68
58
62
54
1236
54
76
80
74
56
170
60
58
58
54
1216
62
56
102
148
98
1166
56
84
58
56
168
168
170
46
56
54
54
184
170
58
66
56
66
58
58
54
1266
56
58
92
956
48
94
88
56
56
64
56
60
56
1280
70
56
84
94
1100
50
48
88
56
54
170
84
62
60
56
56
60
62
58
66
56
1270
72
50
108
86
50
150
58
54
56
56
1234
58
90
126
96
124
1018
74
84
80
100
56
64
58
68
56
58
58
1726
58
66
94
206
94
54
188
54
62
60
68
64
1780
56
58
90
130
100
128
1708
62
80
62
58
156
188
200
204
58
58
58
60
192
72
162
62
58
58
72
64
188
58
62
58
62
178
58
58
1642
68
66
68
1730
68
238
98
66
70
76
70
74
68
1732
68
70
96
66
58
180
76
76
66
58
1424
70
134
136
294
132
1434
58
96
114
66
60
210
72
76
66
66
66
58
70
58
68
68
1472
66
58
122
102
1118
64
86
104
90
58
58
80
64
76
60
64
1504
56
58
62
92
68
62
58
62
76
62
72
68
1574
54
58
76
98
106
102
1422
54
102
68
64
56
196
66
174
62
72
76
54
68
62
170
54
56
62
58
64
188
66
54
152
1492
62
58
62
76
1126
58
58
130
102
56
50
56
64
54
56
66
1264
56
58
68
74
64
50
54
62
58
64
58
64
1368
58
50
64
64
100
86
1214
56
82
58
66
60
58
172
92
58
64
62
62
58
160
54
64
60
154
136
1204
48
110
56
56
98
50
164
64
52
64
118
136
1368
58
56
56
84
110
110
1140
62
92
88
100
114
50
238
54
60
64
60
60
60
58
178
112
126
76
112
110
1450
54
50
56
94
110
94
1124
56
94
88
82
106
92
56
54
58
68
64
58
54
110
1580
50
58
64
80
68
78
98
1894
56
178
166
148
160
56
56
64
172
56
56
56
58
68
72
64
172
46
56
68
60
62
52
178
54
48
52
54
60
132
50
52
58
62
176
108
1332
64
52
58
156
1018
50
48
54
52
168
46
1074
56
54
262
50
54
140
50
1044
48
54
46
52
58
168
50
50
52
54
148
54
1202
48
48
202
54
54
154
58
1094
54
52
52
136
70
156
56
50
52
50
156
48
52
1258
50
48
50
854
56
82
82
46
54
164
52
64
56
1228
50
52
96
92
1088
54
48
54
62
50
64
156
58
52
66
56
56
152
54
48
66
60
160
58
1196
52
48
136
952
106
50
932
50
64
48
66
58
160
60
60
54
54
158
56
54
1254
52
50
106
64
48
164
60
60
