x -1 55 58 61 62 63 65 69 71 72 73 74 76 78 79 80 83 84 86 88 89 92 93 94 99 102 104 107 109 110 111 113 114 116 117 118 120 121 122 125 127 128 129 130 131 134 135 138 139 144 145 146 147 148 149 154 156 158 160 163 164 165 166 168 169 174 175 180 181 182 183 186 188 190 194 196 198 205 206 208 209 210 212 213 214 217 220 222 223 225 226 228 229 234 237 239 240 242 243 244 245 248 250 252 254 255 257 259 262 263 265 272 276 277 278 281 282 287 288 290 291 292 294 297 301 302 303 304 306 307 308 309 311 312 313 317 322 0
x 2 52 54 57 59 64 70 76 77 78 79 80 85 86 87 88 89 90 91 92 93 94 95 98 100 101 103 107 108 112 113 121 122 123 124 125 128 131 134 136 137 138 148 154 155 157 159 160 164 168 169 170 171 172 173 176 179 182 183 185 190 192 197 198 201 202 203 206 209 210 212 213 214 215 216 217 220 224 227 229 231 233 235 236 237 239 240 241 243 244 245 248 249 252 254 257 258 259 260 261 263 265 267 268 270 271 272 274 275 280 281 283 284 285 286 287 294 296 300 302 303 305 307 308 309 311 313 315 321 322 325 0
x 3 55 58 60 61 62 64 67 68 70 71 75 77 78 80 83 87 88 90 93 94 96 98 99 101 102 104 105 108 111 113 115 117 124 125 128 130 132 134 135 137 138 140 141 143 144 145 146 147 151 157 159 160 162 164 165 166 168 172 173 176 178 179 180 184 186 188 189 190 191 192 194 197 198 201 202 204 205 208 214 216 218 223 225 234 235 236 237 243 244 245 249 251 252 256 258 259 260 263 265 267 270 273 275 276 280 281 286 287 291 292 294 296 297 300 301 303 304 308 309 310 311 312 313 317 320 321 0
x -4 54 55 60 62 64 65 66 67 68 71 72 75 77 78 80 82 86 87 88 90 91 93 94 95 96 100 102 103 105 114 116 117 118 123 124 125 128 129 131 132 134 139 142 145 150 151 152 153 155 157 159 160 163 165 168 169 174 176 178 179 180 181 182 183 190 191 194 197 198 200 202 205 206 208 210 211 213 216 217 219 223 224 228 229 230 231 234 235 236 239 240 241 242 244 245 246 248 250 252 254 256 257 259 260 261 263 265 267 268 269 270 272 274 276 277 278 284 286 288 289 292 293 295 297 299 300 301 303 304 307 308 314 315 316 322 0
x -5 52 55 57 60 63 67 71 72 73 74 76 80 81 82 85 86 87 88 89 92 93 96 97 99 100 102 103 105 106 108 109 110 111 113 117 118 120 124 126 129 130 132 133 134 137 139 140 141 142 143 144 146 148 150 151 153 155 156 161 163 165 166 167 170 173 175 177 178 180 184 185 186 188 192 196 198 199 200 203 205 207 208 209 210 211 213 215 217 219 223 226 227 228 229 230 231 232 235 237 239 241 245 246 247 249 251 252 254 255 256 259 260 261 262 263 265 268 271 272 273 277 278 280 282 283 287 290 292 295 298 303 305 306 309 311 314 315 318 322 324 325 0
x 6 52 54 55 57 59 60 64 65 66 69 75 79 80 81 82 83 84 85 86 91 94 97 98 101 102 106 107 108 110 111 112 114 115 117 118 121 125 127 129 130 131 137 138 139 141 145 146 147 154 155 156 158 161 162 163 166 167 172 173 175 178 183 185 187 192 194 195 196 198 199 201 202 203 205 206 207 208 209 212 213 214 216 218 223 226 227 228 230 231 232 234 240 243 244 245 246 247 249 254 255 259 262 265 267 268 276 283 286 287 288 289 294 300 302 304 305 306 308 309 310 311 312 314 319 320 322 323 325 0
x 7 54 55 57 58 59 61 62 63 64 65 66 67 69 70 75 76 77 81 85 87 89 90 91 92 94 95 96 97 100 101 104 106 107 110 113 114 116 117 121 123 126 127 128 129 133 134 137 141 142 143 145 147 149 152 154 156 158 159 162 164 171 172 174 178 179 182 185 189 190 191 193 195 196 200 201 205 206 208 209 210 212 213 215 218 219 220 222 223 224 225 226 229 231 232 233 234 235 238 239 240 242 244 245 246 247 248 252 253 255 256 257 258 259 264 266 267 273 274 288 293 294 300 302 304 305 306 307 309 311 314 317 323 325 0
x -8 52 57 58 61 62 64 65 71 72 74 75 79 81 82 83 88 89 91 92 95 97 101 102 106 107 109 110 111 113 116 117 119 120 121 122 123 128 130 131 133 135 137 138 139 141 143 145 146 149 150 152 154 155 157 158 160 164 165 167 168 169 170 171 172 174 175 176 178 181 182 184 186 187 188 189 192 199 200 201 204 205 207 210 213 216 218 222 224 227 236 237 238 239 241 242 246 247 249 254 255 256 257 260 262 264 268 272 274 276 277 279 280 281 287 289 294 308 309 310 312 314 315 316 317 321 322 323 324 0
x -9 54 55 59 60 61 62 64 67 68 69 71 72 75 76 80 81 82 83 86 87 88 92 95 96 99 100 101 102 106 109 110 111 112 113 115 118 119 124 125 127 128 129 130 132 133 135 136 137 138 140 142 143 144 146 152 153 154 155 156 157 158 159 160 162 164 165 166 169 170 172 173 175 176 177 178 182 183 187 189 193 194 195 196 198 199 201 202 204 205 207 209 210 211 212 213 214 217 220 224 225 226 228 229 230 231 233 234 235 238 239 240 241 244 245 246 250 252 256 259 260 267 268 272 278 279 280 284 287 289 291 294 295 296 297 300 301 302 303 304 305 310 316 317 318 319 320 323 325 0
x 10 52 55 59 61 69 70 71 72 73 74 77 78 80 81 82 83 84 86 89 90 93 94 95 96 99 103 105 107 110 111 113 116 117 119 121 123 124 125 126 129 131 137 140 141 142 148 151 152 154 157 159 160 162 163 164 166 167 169 171 172 173 176 179 180 185 186 188 189 191 193 194 195 197 201 202 204 206 209 210 211 216 217 218 219 220 221 222 224 232 234 237 239 242 244 245 247 253 255 257 258 259 261 262 267 270 273 274 275 276 277 279 282 283 284 285 290 297 299 300 301 303 304 307 308 309 310 311 312 313 314 316 319 320 322 323 0
x -11 52 54 57 58 64 65 66 67 70 71 72 75 77 78 79 81 83 85 86 88 90 91 92 93 94 95 96 98 99 103 106 107 109 111 112 115 116 120 121 123 127 128 130 131 132 134 136 137 138 139 141 142 143 144 145 146 150 152 153 156 157 158 165 169 170 173 174 175 177 178 179 180 182 184 187 188 194 195 197 198 199 200 201 202 203 204 207 208 210 211 215 217 218 219 220 221 222 224 230 232 234 235 237 241 242 244 246 247 248 249 250 251 252 255 259 261 266 270 272 275 276 277 281 283 284 285 286 287 289 290 291 295 298 300 304 305 306 310 311 312 313 315 322 0
x -12 52 55 57 59 61 62 65 71 72 78 79 81 82 87 88 90 92 93 97 99 103 104 107 108 111 112 113 114 118 119 123 124 127 128 131 132 133 137 142 145 148 149 153 154 156 157 160 163 165 167 168 172 174 175 178 179 180 181 182 183 184 188 190 191 192 193 198 199 202 204 205 206 207 208 209 212 214 216 220 223 225 227 228 229 232 233 234 235 240 242 243 246 247 248 249 251 253 256 257 258 259 262 263 266 270 271 274 275 277 278 279 280 282 283 285 287 288 292 294 295 298 302 306 310 311 312 314 315 322 323 325 0
x -13 54 55 57 59 60 61 62 63 66 70 73 74 75 76 80 81 84 88 90 94 95 97 98 99 100 102 103 105 106 109 112 114 116 118 120 121 122 123 124 126 128 129 133 135 136 139 144 147 148 149 151 155 157 159 161 162 165 167 170 171 174 175 177 178 179 182 183 184 186 189 190 191 192 193 196 197 198 199 201 202 204 206 207 208 209 210 212 214 215 217 218 220 223 225 227 231 236 237 240 243 244 246 247 248 249 250 252 254 257 259 261 264 265 266 268 270 271 276 277 279 281 283 286 290 291 293 294 295 297 298 299 302 303 304 305 308 309 310 311 314 317 319 320 322 324 0
x -14 52 55 57 58 59 62 65 66 67 75 77 78 83 85 86 87 88 91 92 96 99 101 102 105 124 127 129 130 132 135 139 140 141 146 147 149 150 151 153 155 156 157 158 159 160 161 163 164 166 167 169 173 179 181 183 186 189 190 191 192 195 199 201 202 205 206 209 210 213 214 215 217 221 222 225 226 228 233 235 236 238 240 241 242 246 248 249 251 253 255 257 259 261 262 263 264 267 268 269 273 274 278 279 282 284 285 288 290 292 293 295 303 306 307 308 309 311 312 313 314 315 316 318 319 321 322 323 0
x 15 52 54 59 61 62 63 66 68 69 70 71 72 75 77 78 80 84 88 90 91 93 94 96 100 101 103 107 111 113 114 116 118 122 123 124 125 127 129 132 133 139 141 143 145 147 150 154 158 164 165 166 171 172 175 177 179 180 182 183 184 190 193 195 196 199 200 204 206 209 210 212 214 215 216 217 220 221 222 227 231 236 237 240 242 243 245 247 248 249 250 252 253 255 256 257 259 261 262 263 266 272 275 276 278 279 281 288 292 293 297 299 300 303 304 305 307 308 309 311 312 314 315 320 321 322 323 0
x -16 52 54 58 60 61 66 69 73 74 76 77 78 79 80 81 83 84 88 93 95 96 100 106 109 111 114 115 129 132 134 136 138 140 141 142 144 145 146 147 151 152 158 159 160 161 163 166 167 173 174 177 178 185 187 190 192 196 198 200 201 202 204 208 210 213 216 217 218 220 224 227 229 232 233 241 242 244 246 247 257 260 261 265 267 269 274 276 278 279 283 289 292 295 298 303 306 310 312 314 316 317 319 323 324 325 0
x 17 55 57 60 62 64 65 67 71 72 73 78 79 80 81 84 87 88 93 95 96 97 98 100 102 103 104 105 108 109 110 112 113 114 115 117 119 120 121 124 131 132 133 134 135 137 138 140 141 145 146 147 150 152 155 156 157 158 159 162 164 170 171 172 173 175 177 178 179 182 184 185 187 188 189 190 195 196 197 198 199 200 201 202 203 206 208 209 214 216 217 218 219 220 221 223 224 228 229 231 232 233 234 235 236 237 240 241 243 244 247 249 250 253 254 255 259 260 261 265 267 270 273 275 277 278 280 281 282 285 287 289 290 294 295 297 298 302 303 310 311 315 316 317 319 321 322 323 324 0
x -18 55 57 58 59 60 62 67 68 71 75 78 84 85 86 87 89 91 93 95 96 97 98 99 101 102 103 104 105 109 111 112 113 116 117 122 128 132 133 137 139 140 141 142 144 147 150 151 152 153 156 157 158 159 160 161 162 163 165 166 172 173 174 177 181 182 183 186 187 188 189 190 196 197 203 205 206 210 211 212 214 216 219 220 221 224 229 232 235 239 241 242 243 246 248 250 251 254 255 256 259 263 264 265 266 268 270 271 273 274 275 276 277 282 283 285 293 294 297 298 299 300 302 303 304 305 307 309 310 317 319 320 324 0
x 19 52 55 61 62 64 66 67 74 75 77 78 79 81 83 86 87 88 90 94 95 98 99 106 107 115 118 119 121 122 124 125 126 127 129 130 131 132 133 139 142 143 146 147 151 153 156 158 160 162 163 164 165 166 168 169 174 176 177 182 183 184 185 188 191 192 193 194 196 198 203 204 207 211 214 215 216 217 218 221 223 226 227 228 229 231 232 234 238 239 242 245 246 251 253 255 256 258 260 264 265 266 268 273 276 277 278 280 281 282 287 288 291 292 293 294 297 298 301 303 305 306 307 310 315 319 321 322 325 0
x 20 52 54 59 61 62 64 68 70 72 74 77 81 83 84 86 91 98 103 106 107 110 112 113 115 116 118 119 120 121 122 123 126 127 129 130 131 133 135 140 141 143 145 148 149 151 152 153 156 159 160 162 165 168 169 176 177 180 182 184 185 186 187 188 189 190 191 193 198 199 200 202 206 210 212 216 220 222 223 224 225 227 237 239 240 241 242 243 244 246 247 248 252 253 259 260 262 264 265 266 267 271 272 273 277 278 279 281 283 285 287 289 290 291 295 296 298 304 305 307 311 312 313 314 316 317 318 320 321 322 323 324 0
x -21 54 55 58 69 70 72 74 77 81 82 83 85 86 87 89 90 91 92 93 94 96 98 99 104 106 107 110 112 113 114 119 120 121 122 127 128 129 130 131 132 134 136 137 138 139 140 143 144 145 146 148 149 151 152 154 156 158 159 165 167 172 174 175 177 178 179 180 182 183 184 185 186 189 190 192 197 198 200 201 206 210 213 215 216 217 228 231 235 237 238 241 242 243 245 247 250 252 253 254 255 257 260 263 264 265 268 273 275 277 279 282 286 293 295 296 297 300 302 304 306 307 309 310 311 312 314 315 316 318 0
x -22 54 57 60 61 62 67 69 71 72 73 74 83 84 85 86 87 88 90 91 93 94 96 97 99 100 101 103 108 109 111 112 114 115 116 118 121 125 126 128 129 132 134 138 139 140 141 142 144 146 150 152 153 160 162 164 166 167 169 172 174 175 176 177 178 180 181 184 186 190 192 194 196 199 200 205 208 210 211 212 213 215 217 220 222 224 225 227 229 230 231 232 233 238 239 240 241 242 243 244 245 246 247 248 251 254 255 256 257 259 260 261 263 264 269 271 272 274 276 278 279 280 281 282 283 284 289 292 294 295 297 299 300 302 306 307 309 310 312 314 317 318 319 324 0
x 23 52 55 58 59 62 65 68 69 70 75 76 77 79 82 84 89 90 92 93 94 96 98 99 100 101 107 108 110 113 116 117 118 120 122 124 125 126 128 132 133 134 135 136 137 138 139 141 143 144 145 149 152 155 157 158 160 161 167 169 172 177 178 179 180 181 183 187 189 195 199 200 202 204 205 206 209 210 212 213 214 217 218 219 223 224 225 227 230 232 233 234 235 236 237 238 240 245 246 248 249 252 255 257 261 262 264 266 267 272 273 274 275 279 281 282 283 284 285 288 289 290 296 297 299 300 306 307 309 310 311 316 318 319 320 321 322 323 324 325 0
x -24 55 58 59 61 63 66 67 69 70 72 74 75 76 77 78 80 82 87 89 96 98 101 103 104 105 109 112 115 116 117 118 119 122 125 126 132 136 140 141 142 143 144 148 149 152 153 155 156 158 160 166 167 168 169 170 172 173 174 176 177 179 180 183 185 190 193 194 197 199 201 202 203 205 208 209 211 212 216 217 220 221 223 224 226 228 232 235 236 241 244 247 249 250 258 263 266 267 270 272 275 276 279 281 282 283 284 285 286 290 293 298 299 300 301 308 309 310 311 312 314 316 318 321 322 0
x 25 52 57 58 61 63 64 66 67 70 71 72 73 77 78 79 83 84 85 86 87 88 89 91 93 94 99 102 104 107 110 111 113 115 118 123 127 128 129 132 134 135 136 138 140 141 142 143 144 146 148 149 153 155 156 157 158 159 160 162 163 167 170 171 175 177 179 181 182 183 184 185 186 187 190 194 195 196 198 200 204 206 210 211 214 215 217 218 220 221 222 223 226 228 229 231 232 233 234 236 237 238 239 242 244 245 246 248 250 252 254 256 257 258 259 260 261 262 264 269 272 276 278 279 280 281 284 285 288 289 291 292 293 294 295 296 298 299 302 303 305 306 308 309 311 314 315 317 319 321 322 0
x 26 52 58 60 61 66 67 75 77 79 80 81 83 89 90 92 93 96 99 104 105 107 109 111 117 118 121 123 126 127 128 130 131 133 134 137 143 144 145 147 148 150 151 153 157 158 160 161 163 169 170 171 175 178 180 182 183 186 188 194 198 200 202 204 205 206 207 210 213 214 216 218 219 220 222 223 224 227 229 230 232 233 234 235 239 240 241 242 245 246 247 256 259 261 265 266 269 271 272 273 275 276 277 278 280 281 282 285 289 293 295 297 298 299 301 302 303 306 307 308 309 311 312 314 315 316 319 320 322 323 0
x 27 57 58 61 62 63 64 65 67 71 73 75 76 77 78 80 81 82 83 84 86 88 89 91 93 95 97 99 100 101 104 105 106 107 108 110 111 112 113 115 117 118 124 130 134 135 136 137 139 140 141 142 143 145 146 151 153 155 156 157 160 163 166 168 170 173 176 178 179 181 185 187 189 192 194 198 199 202 203 207 211 212 215 216 218 219 220 221 222 223 225 226 227 231 236 238 239 243 246 247 248 254 255 256 257 258 259 260 261 262 263 264 265 273 274 275 277 278 280 283 287 289 290 292 293 296 297 298 300 302 305 308 309 310 314 316 317 318 319 320 322 323 325 0
x 28 57 58 60 62 64 65 66 68 72 73 75 76 77 81 84 86 88 90 92 95 96 97 99 100 104 105 106 107 109 111 112 114 117 120 121 125 126 131 134 135 136 138 143 146 147 148 149 150 151 153 158 161 162 163 164 166 168 169 170 172 173 179 180 181 183 185 186 188 189 190 193 195 196 198 205 207 209 214 215 216 217 219 220 224 226 227 230 234 237 240 242 243 246 248 249 251 252 254 256 259 260 261 265 266 268 269 271 273 274 276 277 278 281 283 284 285 286 287 289 292 293 294 295 296 297 298 300 302 305 306 310 312 313 314 318 323 324 325 0
x 29 54 59 61 65 67 68 69 72 73 76 77 78 82 83 85 86 89 90 93 99 101 104 105 112 115 116 117 118 119 120 122 125 127 129 131 135 137 139 140 141 142 147 148 149 153 158 160 162 163 164 165 167 168 171 173 178 180 182 183 184 185 186 187 188 191 192 194 195 200 201 202 204 205 207 208 209 210 211 216 218 219 220 223 225 226 227 228 231 232 234 236 239 240 245 247 248 249 250 253 255 257 259 260 261 263 272 275 276 278 281 282 283 284 285 286 287 293 294 296 297 298 299 300 303 306 307 308 310 312 314 315 316 317 318 320 321 322 325 0
x 30 54 57 58 59 60 61 63 65 66 70 71 72 73 74 75 79 81 83 84 86 87 88 89 92 94 95 99 100 102 106 108 109 110 112 114 116 118 120 121 122 124 125 126 128 130 131 132 133 141 143 145 148 149 151 153 154 155 156 157 158 159 160 163 164 166 170 173 174 175 176 178 179 180 182 186 187 189 192 194 204 207 210 211 212 213 214 215 217 218 220 222 223 224 226 227 231 236 241 242 244 247 253 255 257 259 261 262 268 270 273 274 275 276 277 283 285 286 287 288 294 296 298 303 304 306 307 308 309 310 313 315 316 318 319 321 324 0
x -31 52 55 57 59 64 65 66 67 70 74 75 76 77 79 80 81 82 83 84 87 88 89 90 92 94 95 97 98 99 100 101 102 103 105 107 108 109 112 115 116 117 118 119 120 121 122 124 125 126 127 130 131 137 140 141 148 149 155 156 158 159 163 164 165 166 167 168 169 172 176 177 179 180 181 182 183 184 185 186 187 188 189 190 191 192 194 197 198 199 203 206 207 208 209 210 211 213 214 216 219 222 223 225 227 228 229 232 233 234 235 236 237 238 239 240 241 243 244 246 250 252 253 259 261 266 268 271 273 274 276 277 280 281 290 292 294 296 297 298 300 302 309 310 312 317 318 319 323 324 325 0
x -32 55 59 60 61 62 66 67 68 70 71 74 76 77 78 79 80 83 84 86 87 88 89 92 95 96 99 100 101 102 104 107 112 113 114 115 116 118 121 122 123 125 128 129 130 132 133 134 135 138 140 142 146 149 151 152 154 159 160 164 165 168 169 170 171 172 173 174 175 179 180 181 182 186 187 188 189 190 192 193 194 195 197 198 199 201 202 203 204 205 208 213 214 215 221 224 225 227 228 229 232 233 234 236 237 239 241 243 250 252 254 255 257 259 260 261 262 267 268 272 273 275 276 277 278 281 284 289 290 291 292 294 295 297 301 302 305 306 311 313 315 317 321 322 0
x 33 52 58 61 63 67 68 69 71 75 77 82 83 85 86 87 88 90 91 92 100 101 102 104 106 108 110 111 112 113 114 116 122 125 132 133 134 138 139 141 144 146 147 150 152 158 159 161 163 165 166 168 171 172 173 178 180 181 182 183 185 188 189 190 191 195 198 199 200 201 202 204 208 211 212 213 223 225 226 227 228 231 233 234 235 236 239 241 242 243 244 246 247 249 250 253 258 259 260 262 263 273 276 277 279 280 281 282 286 288 290 294 295 298 306 307 309 310 312 313 314 315 316 319 320 323 325 0
x 34 52 55 58 61 62 64 67 68 69 72 75 81 82 85 87 90 91 92 93 95 96 98 99 103 105 106 109 110 111 112 114 115 118 119 121 122 123 125 127 131 134 139 140 141 142 145 146 148 150 152 155 156 158 159 160 161 162 163 164 166 168 171 174 177 178 180 181 182 183 184 186 187 189 190 192 193 196 197 202 203 204 207 208 210 211 214 215 216 217 218 222 223 227 231 232 235 236 240 244 245 247 248 249 250 256 258 259 263 264 267 269 275 279 280 281 282 283 284 285 288 289 292 293 297 299 301 305 310 313 316 317 319 321 323 0
x -35 52 54 60 61 63 66 67 69 70 71 75 76 77 80 82 84 85 86 87 88 93 94 96 97 98 100 101 102 104 106 108 109 113 114 115 116 118 121 125 129 132 134 135 140 141 142 143 144 146 150 151 153 154 156 159 165 166 170 171 172 173 175 176 177 178 179 180 182 183 184 185 186 187 189 191 192 193 195 197 199 200 201 206 208 209 210 211 214 215 218 219 220 221 223 224 227 228 229 231 233 235 238 240 242 243 244 245 248 251 252 256 258 260 261 262 265 266 268 270 276 279 280 286 288 292 296 299 302 304 305 306 310 314 315 316 319 321 323 325 0
x 36 52 54 57 60 61 62 66 69 71 72 75 76 78 80 81 82 84 91 93 94 97 100 101 102 103 104 107 108 110 113 115 117 118 120 121 123 126 127 131 134 135 139 142 149 151 152 154 156 157 158 160 161 162 163 164 165 169 172 173 174 175 176 179 180 181 182 183 185 187 188 189 190 193 194 196 197 198 199 201 202 206 207 208 211 214 215 216 220 225 228 232 233 234 236 238 239 240 243 245 246 256 257 259 261 263 265 266 267 268 270 271 278 279 280 281 282 283 287 288 289 294 297 298 299 300 305 309 310 314 316 317 318 319 324 0
x 37 52 57 58 60 61 62 64 65 67 68 70 71 72 75 77 81 83 84 87 91 94 95 96 97 99 103 104 105 106 107 108 113 114 115 118 119 120 124 127 130 132 135 139 140 146 148 149 150 151 152 153 154 155 157 158 159 161 164 165 166 167 168 170 172 173 174 175 176 178 182 185 186 187 188 189 193 195 197 199 200 202 205 206 209 210 212 213 214 217 220 222 223 225 227 229 231 232 235 239 243 244 246 248 250 251 252 254 257 258 259 260 261 264 265 267 269 270 271 273 275 276 278 282 285 286 287 288 289 291 293 301 303 304 306 307 310 312 313 314 319 321 322 323 325 0
x -38 52 54 55 57 58 60 62 63 67 76 78 79 84 88 89 92 93 96 97 100 102 104 105 110 112 115 118 119 120 121 122 123 124 128 129 130 131 133 138 139 144 148 150 151 153 154 156 157 159 163 165 166 168 170 171 172 174 175 176 177 178 179 185 188 190 192 198 200 203 205 206 210 212 215 223 225 227 229 230 232 236 237 239 241 242 245 246 247 249 250 251 252 253 255 256 265 268 272 273 274 276 277 280 281 282 283 286 292 293 297 299 300 306 307 308 314 315 316 317 318 321 323 324 0
x 39 52 59 60 61 62 65 68 70 72 74 75 76 78 80 83 86 90 93 97 98 101 102 103 104 105 107 112 113 119 120 121 122 125 131 132 135 136 137 140 141 142 144 146 148 149 152 157 158 159 163 166 167 168 171 172 173 174 176 177 179 190 191 192 195 197 198 199 201 203 206 209 211 213 216 217 221 225 227 230 232 234 236 238 239 240 242 243 244 247 248 251 252 256 257 260 261 262 263 265 268 270 271 279 283 284 285 287 289 290 292 293 295 297 299 300 301 303 305 306 307 308 310 314 317 318 319 321 322 323 324 0
x 40 52 54 55 59 60 63 66 67 68 69 70 72 73 77 78 79 81 85 87 89 90 95 98 101 104 105 107 109 113 116 117 118 120 122 123 125 126 129 130 131 132 139 140 142 143 144 145 146 150 153 156 157 159 160 162 164 166 167 168 169 170 171 172 173 174 176 177 178 185 186 193 194 196 197 198 200 202 203 204 205 207 209 211 213 214 216 217 218 221 222 225 227 228 231 233 236 238 240 241 242 243 244 245 246 251 253 254 255 256 258 261 262 264 266 267 269 271 273 274 275 277 278 279 280 281 282 284 287 288 294 295 298 301 302 305 307 309 310 314 315 316 318 319 321 322 323 325 0
x -41 54 55 59 60 64 65 67 71 73 76 77 78 80 85 86 88 89 92 93 97 101 102 103 104 106 108 109 110 111 112 115 117 120 121 122 123 128 130 134 135 136 138 139 140 142 144 145 146 148 149 150 154 155 157 158 159 160 168 169 170 173 174 175 176 178 180 181 183 184 186 187 188 190 191 192 194 196 197 198 202 203 205 206 207 208 209 212 213 216 219 221 223 224 225 233 234 235 236 237 238 241 242 244 245 250 252 254 257 259 260 263 264 265 268 273 274 275 277 280 283 286 287 289 292 293 294 295 297 298 300 301 302 305 308 311 312 314 322 323 325 0
x 42 58 60 61 62 64 65 66 68 69 70 71 74 78 80 81 82 83 84 87 88 90 91 92 94 96 99 101 114 115 116 117 122 124 125 127 132 134 135 137 139 141 142 143 145 147 148 149 153 154 155 157 159 160 161 163 164 165 166 169 171 178 179 181 182 185 186 187 188 191 192 196 197 200 201 203 204 205 206 210 212 214 215 217 218 219 225 226 227 228 229 232 234 235 240 241 242 243 244 245 246 248 250 252 258 260 262 263 265 267 268 269 271 276 277 278 279 282 287 288 289 291 292 295 296 297 299 302 303 305 308 309 310 312 313 314 315 316 323 325 0
x -43 60 62 63 64 72 74 77 78 80 81 84 88 89 93 94 95 102 104 105 107 110 111 112 113 114 117 118 123 127 128 130 131 132 133 134 136 138 139 141 146 147 150 151 152 153 161 162 169 170 172 174 176 177 178 180 181 182 185 188 189 190 191 193 195 196 197 199 200 206 209 211 212 213 214 215 216 217 218 219 220 221 222 223 224 225 229 230 231 232 233 243 244 245 248 249 252 253 255 258 259 260 264 266 269 270 272 275 279 286 289 290 291 293 294 297 299 301 302 305 309 314 319 320 323 325 0
x -44 52 59 60 65 66 67 69 71 72 73 74 76 77 82 85 87 88 90 91 93 94 95 97 98 99 104 106 111 112 113 114 115 118 122 127 129 132 134 135 138 140 143 145 146 151 153 155 156 158 159 160 163 164 169 172 173 174 175 176 177 178 181 182 184 187 188 191 192 194 197 202 203 205 207 208 209 212 215 216 219 220 221 223 226 228 232 233 234 236 237 238 239 240 241 243 245 249 253 254 255 256 259 260 263 264 266 267 270 272 273 274 276 277 279 281 285 286 287 289 292 293 294 295 297 298 301 305 306 308 310 311 315 316 317 322 325 0
x 45 52 54 57 60 61 64 65 66 71 74 76 77 78 86 87 88 89 93 94 96 98 99 102 108 110 114 118 121 123 124 126 129 130 131 133 134 136 138 141 142 143 144 148 149 150 153 155 156 158 162 163 164 168 172 173 174 175 177 178 179 182 183 187 188 191 193 194 196 197 198 199 201 203 204 205 210 212 216 217 221 222 223 226 227 229 231 233 234 237 238 239 242 247 249 250 252 253 255 257 258 259 261 263 265 269 271 272 275 276 278 280 281 282 284 285 286 288 289 293 294 295 300 301 302 305 306 308 312 314 316 317 325 0
x 46 52 54 55 57 60 61 63 65 68 69 71 75 80 82 83 84 85 86 88 89 90 91 92 93 95 103 105 107 108 111 112 113 114 116 118 119 120 123 125 128 129 130 131 132 133 134 135 136 138 139 140 141 142 143 144 145 146 147 149 150 151 152 156 158 159 160 162 163 164 166 167 168 170 176 178 179 181 182 183 185 186 187 189 190 192 193 201 202 205 206 208 209 211 213 214 216 218 222 223 225 228 231 232 233 238 239 241 244 247 248 251 252 255 256 257 258 259 260 263 265 266 270 271 272 276 280 283 291 294 295 297 299 306 307 315 316 317 322 323 324 0
x 47 52 58 62 64 65 69 71 73 74 76 78 79 80 82 83 85 86 87 88 89 91 92 93 94 97 98 100 101 104 106 108 110 111 114 115 118 119 120 121 122 123 127 128 129 131 133 134 137 138 139 140 141 145 147 150 152 156 157 158 159 163 168 169 170 176 177 179 182 183 184 188 190 191 192 193 195 196 197 199 201 204 206 207 208 211 212 213 218 219 220 223 225 230 233 234 237 240 244 247 248 249 253 254 257 261 266 268 269 271 272 273 274 275 278 279 280 281 282 283 286 291 292 293 294 295 296 297 298 299 300 303 305 307 309 311 313 314 319 321 322 323 324 325 0
x 48 52 54 57 61 64 65 67 70 80 82 84 85 86 87 92 93 94 95 97 102 106 111 116 117 118 119 122 123 125 127 130 131 136 137 139 141 142 145 146 147 150 153 154 159 161 162 163 165 166 168 169 170 171 172 178 182 183 184 186 187 188 189 191 193 196 198 200 201 204 207 208 209 211 212 215 217 218 219 220 222 224 225 227 230 232 235 237 238 240 241 242 243 244 245 246 247 253 254 260 261 262 263 265 266 269 273 274 275 276 277 278 279 280 281 282 285 286 287 288 289 290 291 293 294 298 299 300 309 310 311 313 314 316 317 320 323 324 0
x -49 52 54 55 57 58 59 65 68 70 71 72 73 74 78 79 80 81 83 84 85 86 88 94 96 97 100 101 102 103 104 107 108 111 113 116 119 121 123 125 126 130 131 132 133 137 138 140 143 144 145 146 147 148 149 150 151 153 154 155 158 159 160 161 162 163 164 165 166 168 169 172 173 174 177 178 180 182 183 187 188 189 191 198 201 202 203 205 206 207 208 209 214 215 220 221 223 224 226 228 230 235 236 237 240 242 245 246 247 248 249 250 251 257 258 259 260 263 264 266 272 274 275 276 277 281 283 285 286 291 292 293 301 302 303 305 306 308 310 311 312 313 315 316 317 320 321 322 323 0
x -50 58 62 66 67 68 70 73 74 76 78 79 80 81 83 84 85 86 88 90 91 92 94 95 97 98 99 100 104 105 107 110 112 115 116 117 118 119 120 121 123 124 125 128 129 132 135 138 139 140 141 143 144 149 155 160 161 162 163 167 175 177 178 179 182 185 187 189 190 192 193 195 197 199 203 204 207 213 215 217 218 220 221 222 223 226 231 232 233 235 238 239 240 241 243 244 247 252 254 255 259 261 263 265 267 269 271 276 280 281 284 285 286 287 288 290 294 295 300 309 313 314 315 316 317 318 322 324 0
x -51 52 57 60 61 64 65 67 69 72 73 76 77 78 80 81 84 87 90 91 92 93 95 96 97 99 101 106 109 110 112 113 116 118 119 121 122 126 128 131 133 139 141 144 145 153 156 157 166 168 170 172 174 175 178 179 180 181 183 186 188 190 195 199 201 202 203 204 205 206 207 208 211 212 213 214 216 217 219 233 238 240 241 245 247 248 249 252 253 255 256 257 258 263 264 265 270 273 274 275 276 277 278 280 284 285 289 291 292 293 297 300 301 302 303 304 305 309 310 313 315 317 320 321 322 323 324 0
x -53 57 58 59 60 64 67 68 69 71 76 77 79 80 81 82 86 91 93 94 98 99 100 105 107 109 114 115 117 118 120 121 123 124 126 127 128 129 130 133 135 137 139 141 147 151 152 153 154 157 159 163 167 169 174 175 176 178 179 180 183 184 186 187 189 190 192 193 196 197 198 203 204 206 208 209 212 213 219 220 221 222 224 225 228 231 232 233 234 235 237 239 240 243 244 245 249 252 256 260 262 265 266 267 269 270 274 278 280 281 282 283 286 287 288 291 292 293 295 296 297 299 302 304 309 310 311 312 313 314 318 319 322 323 324 325 0
x -56 57 58 59 60 64 65 69 74 75 77 78 81 82 83 86 89 91 94 95 96 99 101 103 106 107 108 109 113 116 118 121 122 126 127 128 129 130 132 135 140 141 143 145 149 150 153 154 155 156 157 158 160 161 162 164 165 166 167 168 169 170 174 176 179 181 187 191 194 195 196 198 200 201 204 207 209 211 212 215 220 221 222 223 228 229 230 231 232 233 236 237 238 243 244 245 249 251 252 253 254 255 257 259 262 264 265 267 269 272 273 274 276 277 279 283 284 285 287 288 289 293 295 297 301 304 306 307 308 310 311 314 317 318 319 324 0
